0.1 0.10506 0.553979024207933 0.099606 0.10555555555553349 1.0555555555553526 0.09999999999999831
0.2 0.224739 0.6243203086673115 0.199782 0.22499999983081828 1.1249999992313797 0.19999999998625984
0.30000000000000004 0.362432 0.7120199349999036 0.298848 0.3642856715479016 1.2142855842064824 0.2999999969413759
0.4 0.533915 0.8318584560093055 0.400522 0.5333306406918474 1.333327156124133 0.3999998336808751
0.5 0.751982 1.0026970014397758 0.500304 0.7499217131113397 1.4998555965798588 0.4999959428236934
0.6 1.046248 1.244895152059184 0.599637 1.0486124287404377 1.7478560964381022 0.599942083834802
0.7 1.49202 1.635434246547017 0.698733 1.499217365373758 2.1434228848620394 0.6994501066317833
0.7999999999999999 2.239915 2.31068483788989 0.79717 2.2272935615647564 2.7968865694194562 0.7963474764824199
0.8999999999999999 3.351818 3.2988855957151757 0.883206 3.3610618670206978 3.80603725802985 0.8830869587336914
0.9999999999999999 4.790633 4.57055035036896 0.946584 4.800595237696462 5.072327043625287 0.9464285714245639
1.0999999999999999 6.122248 5.764318645482161 0.980297 6.140639815236956 6.263452039148717 0.9803922464570428
1.2 7.091199 6.669241790895024 0.99363 7.095167890236263 7.139021409968163 0.9938572085425227
1.3 7.69624 7.255457011835282 0.998263 7.690150027334254 7.7038830731579075 0.998217386518819
1.4000000000000001 8.051812 7.615151106332212 0.999527 8.054571187237986 8.05863920709845 0.9994951976684997
1.5000000000000002 8.288651 7.862137127982789 0.999832 8.286768932878832 8.28795657495779 0.9998567026663067
1.6000000000000003 8.445964 8.029956582083956 0.999973 8.442939856903195 8.443288429765849 0.9999587159830494
1.7000000000000004 8.557531 8.153136229700896 0.999987 8.553366111372405 8.553469895410839 0.9999878664402048
1.8000000000000005 8.634252 8.241434136538649 0.999989 8.634722106627418 8.634753571961076 0.9999963559662247
1.9000000000000006 8.696334 8.313888976772555 0.999997 8.696643904947877 8.696653630564322 0.9999988816829026
